Grid 1
000500800
009040060
700009200
504080000
807900040
000000600
008000000
040000103
310005009
Grid 2
001567020
230000000
000004000
000000070
080056003
000700546
070000100
005910008
000000035
Grid 3
000000074
005007060
040009000
600005700
700000802
000010639
200000000
000693008
309080000
Grid 4
500400009
030000000
001700200
456010000
700000002
000908400
008530000
902007054
000000007
Grid 5
065090432
030705008
108402060
210043806
806000003
503070000
021004900
900000000
600080001
Grid 6
820009417
710058396
090040205
000000508
000000000
000600741
080930070
360710002
400020900
Grid 7
009200700
000010020
000506080
600920500
000007000
001050060
708000005
005090310
002000900
Grid 8
000608304
806000020
540000607
765200009
008000043
400001506
000006102
020089000
654000798
Grid 9
009100250
000003000
000000360
960010002
104520090
850090071
007800006
080030004
300040020
Grid 10
090060300
102000000
065030078
000086004
000053091
054000060
006040089
000000050
819005400
Grid 11
500063000
014280060
090100200
036007080
005090071
000500000
000000000
200000710
001000900
Grid 12
000070302
000000900
708213045
009004750
006981423
040600109
000700200
600100504
900005060
Grid 13
400800290
000000007
006200000
001000008
007320000
060000010
000760100
005008403
908000000
Grid 14
030090000
000402000
108000030
001007604
000020080
900000021
210000003
040000000
006540000
Grid 15
600004001
000800507
010500030
000123080
200789406
000000000
000005910
403010078
109008000
Grid 16
047080003
000004200
050000170
000006400
070005090
090000008
800360000
000000009
006070000
Grid 17
000000004
704200390
693104205
930017508
820096010
000008609
009040000
250600000
400050003
Grid 18
607020040
900000008
004000900
100504089
000000100
098000006
200005000
506000004
000340007
Grid 19
000543070
530800009
800000040
302004900
070021604
040087000
056000030
020700000
100030005
Grid 20
400900005
000004390
300052070
074030050
080741000
060020001
600000000
002000009
000000008
Grid 21
000400009
900056040
020000070
003008460
800600000
500010790
700504921
000201080
090007300
Grid 22
340068200
000000076
008000003
456070321
700200604
003006080
230000000
507000000
000024060
Grid 23
000040756
600000400
000570089
780900000
000600000
109350007
007132005
030065000
060790000
Grid 24
000700020
060400000
032000657
300000000
054000009
980045213
000004000
209807030
040290060
Grid 25
006000035
403800002
100000700
000600000
800021006
000087013
042060980
008000000
005190000
Grid 26
900470020
002360007
000000030
080000040
400805000
000000050
001050006
030040005
000900004
Grid 27
100008306
306000500
000009000
009070802
508903001
000002000
050000104
040200900
000017000
Grid 28
000809042
019203070
000000008
000050086
350087009
680900403
008032064
002000800
400790031
Grid 29
000324008
002981000
100007030
080500000
600210000
321000604
000768543
006035000
543092000
Grid 30
230798640
007400300
064002900
029000504
700350000
400001000
675000080
000009000
908576420
Grid 31
030000500
200000040
107800000
002309100
000100850
000000060
700002306
093401000
005003000
Grid 32
650001000
000500010
021890040
010780435
006003100
040029000
032910000
008000004
000302000
Grid 33
700960280
600802004
082001960
009000740
001000850
000010609
020070000
000080000
047096000
Grid 34
000300400
030000080
040008000
000700025
001050030
008000014
704000009
600004008
500903000
Grid 35
690050000
800070000
010060800
000047090
000900002
000805070
050004300
900000100
107000000
Grid 36
000000004
001085003
009104000
000000280
100000090
205030000
007050000
020960740
300040500
Grid 37
056200009
709540000
000070000
670430002
002000045
300100600
000657034
507000090
200000060
Grid 38
603004580
082603070
000000000
704825090
000900000
006040000
100008936
000070008
200009140
Grid 39
410052003
090040850
000000701
508060000
000005090
000000080
800096007
004000000
960007000
Grid 40
000000390
170003280
006005000
700300800
802001900
060000100
417900500
009058701
500040000
Grid 41
280010900
096000100
004000002
850070030
701003500
900200700
030050410
000039000
028001090
Grid 42
400700000
109450706
080109000
807200560
000004000
560000231
302670010
000040070
605910042
Grid 43
039007000
407020000
000000410
000208600
050060001
900000802
200690000
000010080
070002003
Grid 44
000009400
900700002
014020309
200903010
000000000
009000005
502000000
070280030
003010208
Grid 45
069000014
000014003
000900820
800000300
007603502
000582000
580040900
010000250
090200007
Grid 46
100003007
050000000
086200034
000000900
064007002
800000640
005000000
300000109
908402000
Grid 47
004006918
000023000
000100040
300000020
010500000
000290450
000045007
000302500
406000000
Grid 48
002000700
970002400
005000103
080000000
706800204
003006801
000020300
090354608
034000010
Grid 49
009500000
120090000
000030070
000003001
002700000
045029060
800075403
000040009
230000000
Grid 50
208000063
009050000
000360005
030005041
025700009
007000052
000080410
014600520
000071000
Grid 51
010450890
000709230
000103504
400007000
706091042
000234605
000070120
800002403
090040000
Grid 52
000700000
080020406
300006080
400500090
000030507
000800004
000008910
000300000
876902000
Grid 53
000543200
000000007
009800000
705430180
090000000
000108000
000001908
320000000
007000302
Grid 54
006900002
043600910
810020005
607090050
000435086
300068120
000040800
790013000
005009030
Grid 55
100760050
000000100
053000080
600000000
000057042
340900005
504000097
097000230
000000000
Grid 56
068090000
400000002
000030070
879000050
000000103
200000000
000981030
024600090
000000000
Grid 57
017963002
508004600
090002401
963500100
170639050
000000309
700300000
030000014
002010030
Grid 58
056040001
000005234
000000000
645030709
908060000
002807050
000000340
800003910
004020070
Grid 59
060020700
000000000
001900056
100870305
700500900
000009000
900000200
000100000
670032800
Grid 60
093000000
000700000
710936050
208071396
000002417
470003000
007360200
930058070
020000960
Grid 61
190005000
000070200
000000003
000400000
006080321
009020000
004067090
050001000
900204005
Grid 62
036740205
000000104
700528903
100050000
000004000
058900000
471085600
002306740
003407800
Grid 63
000280174
508000300
000306200
060000001
000104000
074003002
001000500
630008000
850701609
Grid 64
570001023
809004006
200067080
304600001
000005000
687012000
132450008
000000300
708023600
Grid 65
001046800
004800200
907010060
700900302
098004005
000000008
003700020
000190400
009405080
Grid 66
000020000
600907013
012654009
109032007
756100000
020705001
004076002
807000035
001000700
Grid 67
900000700
007063000
000000000
000020010
082400006
710600508
008104900
000000080
360280000
Grid 68
100009002
900028700
050040000
093000000
004300508
800407600
400000000
000100390
000050004
Grid 69
000100090
639000000
700900080
396508700
008040903
400009000
070300500
063005017
200010000
Grid 70
000407000
001020006
000009010
090001008
020060000
704800000
036000052
250090004
000000903
Grid 71
002000007
600400000
000050300
000000213
004000000
230070506
100860000
000504000
053201000
Grid 72
100060320
402190000
700000081
080654013
300080546
000301000
000000060
219076005
870500090
Grid 73
080000005
406070312
000605070
500189400
004050109
000003050
345800090
010004060
070200534
Grid 74
453007192
000201430
000034000
000908000
031000009
897300540
000080320
910400000
042750900
Grid 75
004008000
000071005
080360014
030000250
520093140
000582906
963040000
701020060
002036000
Grid 76
000040001
200070530
003200060
000000080
430000700
000065400
050001000
020000645
900600002
Grid 77
580000609
060000000
401006508
000080070
050700000
100003000
000060800
000001900
603200041
Grid 78
210870060
009040000
000203000
008030900
100060050
400102000
050000019
900000203
004000006
Grid 79
070009000
008400300
000520000
006005100
040300008
020074000
000001090
090000004
700000020
Grid 80
960000040
085741060
174609002
002400600
030205400
700300028
000000300
010960005
390800070
Grid 81
000030002
200041003
000028741
004096500
603000010
800400039
470063000
502174096
009800000
Grid 82
000087020
800901050
000050706
080000060
004090200
000060097
098000005
765800300
432070000
Grid 83
008074639
000200000
071006802
047900508
030002010
820700300
010600085
500000063
600500170
Grid 84
500401630
001300520
000250400
036020000
100006085
000000000
003000001
020004900
700000000
Grid 85
700390000
603085047
500104006
401003805
369000000
000001690
006020470
047000080
020010069
Grid 86
700030009
003801500
000500200
300000005
040120090
070000000
004002680
090070000
000040020
Grid 87
290006400
800400020
030000700
006042000
000070002
003008670
605001000
000800060
970500000
Grid 88
001008000
000000000
000069041
085003004
900400800
000502003
020000000
400000090
390710005
Grid 89
570040000
043010700
809506000
065130078
790000300
100790045
007054290
900087000
300020000
Grid 90
007006000
630020007
008000030
000900580
090000000
200074600
040600050
002040000
003052400
Grid 91
074000009
800360007
060071008
000805003
306000050
000090040
000100085
040050390
028006070
Grid 92
000700008
500108430
000430060
921043000
007009540
350006210
130004007
460900320
008300000
Grid 93
003040050
000020000
500000100
014008300
900071000
000309001
000710800
040000090
250003004
Grid 94
470008009
008030400
000000008
093001800
500309040
000502000
140005300
025000070
936700005
Grid 95
897000000
000056000
000000100
000234006
075800243
000000000
000070001
020300000
006012350
Grid 96
600052000
010000850
000000060
104006000
090000700
005410009
000005407
001900200
052170000
Grid 97
000002006
900070800
000060000
080090100
000710208
017000000
520900070
030000000
701050093
Grid 98
010030080
000025401
000700060
200001036
071093000
009500040
820000000
000000005
030000000
Grid 99
002170090
470900080
000000000
000000002
000000000
906520001
700006000
820400039
090005400
Grid 100
200000000
000802300
036700200
009000080
470280000
000306710
700000006
820030040
000010000
