
908210050
005070000
010006000
000001030
000650000
100024500
500700912
007000005
090030000

090004000
060290000
000867012
002600080
600900100
070300050
000080230
400050800
189403000

000076004
600000080
020019000
006002070
010700000
009065200
000300000
400920008
192000400

400006008
198000000
705100002
200500700
070000453
003000109
604000201
080312560
321040007

603000008
714000030
500003000
000058000
020000040
006140800
001002396
050309100
069400200

060500001
070090580
058001009
800107036
930008047
000000050
000000600
704036025
000000010

006020004
005004000
704003000
470000520
080071009
003080740
300200000
050107300
040900280

000000057
007020901
091056004
000000213
023000000
400000809
600530102
000800005
340000708

070310000
010005009
000008023
400000001
050009000
000420060
291500000
000001300
500007000

205004000
100063002
000050400
000630258
000741009
609508000
090000010
528000906
407390025

912806000
000003129
045000086
067402908
034090005
001000042
000604000
400021000
003080504

607900020
300057900
001004600
102400068
008100005
430000190
046009210
203540000
009010040

700540000
050200006
009070000
340090000
008000030
000002190
000300000
001080654
000050001

000000040
007080609
030400008
002930070
000704050
400000060
820060017
000058000
600000000

000090000
060400002
070080063
000704005
000005000
508006007
002009701
041000030
039000020

008000000
040560000
005001003
000000200
086002004
100305007
201000070
007000605
560000300

000004000
936200000
100000000
500700006
014060500
000800400
208000063
000009080
300020070

004000390
000630100
000000280
410285030
085060410
390004008
020000000
039010000
700508000

300000000
670092000
912405000
080000065
123000708
000800100
000300076
004650000
067000240

020005670
007190300
300008000
700200450
032000700
005009120
500080034
000007001
009300500

806300000
009000450
000001000
000009070
060000018
198000002
000100097
080000000
300700500

402001076
000060200
005204809
007400002
654100090
320000460
070340001
500000687
000070350

091300050
060080003
000007180
000002534
000008290
912035860
000010005
000046000
406879302

000600000
920004087
007020300
460008032
000000000
000130005
240070000
800043500
006000000

600020000
050007000
001300800
030005007
400000000
008002600
000000000
200006100
570000032

005410069
030500000
000000082
600000100
710390000
000004900
000002014
208000000
400060020

000020090
090000580
508036000
000009140
009047020
700000000
004500300
003400008
080000070

006700001
210000007
000032050
080000005
004000190
600810000
000900040
100350000
030600200

300700000
004500000
085030107
630070080
010000300
028000401
000400005
000080090
800006000

000006014
000170502
104080690
300007800
528000007
400520000
850900000
000000009
039001008

091006030
500243000
034800000
000000000
056132007
120000600
070000000
305920006
910080040

039700002
000009700
000008000
052000070
041002003
000170080
104080096
090000508
005306407

050000600
047390000
936200470
004000008
090800107
025004069
000009820
300020710
500740930

130000800
000000004
005090000
000000302
800302670
040070000
000100403
020400080
350006009

001400080
600008020
000130050
000000705
000070090
065819000
000000500
210300006
003007000

000030000
000201007
000067350
500003019
000000203
004000000
000900065
006000708
000045000

000741003
401000850
060528001
200007000
906200007
007300000
000060280
000800070
820004090

058407039
401030002
300020040
140096000
936005017
000174000
000000100
500001903
004063080

704036500
006000000
020047000
000800007
401090080
082000090
000000000
300502100
000070960

040205009
000090000
300000580
500600004
090001020
471528600
020000107
900070000
700800906

000021053
000050000
030007109
006700030
213000890
800000000
657000002
000500900
000040000

009007203
000200810
003090506
600023090
908450132
000089400
000910000
007040021
290608000

006000000
000000705
189760000
002000004
900000001
040300980
007000209
000019800
090806000

000040090
564000132
007300005
300050010
605109200
010003570
006200050
000067021
109034007

060002701
701630008
002000000
600028000
028010006
400090080
090000004
000104963
070060050

001500908
080000040
600000000
100004050
030600000
005001023
000000004
500060200
019035060

450132090
700460001
103798000
002600003
000001000
008004129
000810005
060003018
091000042

300008009
020405076
080000040
790200600
002000980
405070001
243000090
000004700
000980400

000093701
100580630
900070000
300700802
002030174
071000063
090140005
000008390
820000407

000007000
047900258
006000107
805700936
000093800
093500004
360008070
080071003
001309500
